public class Nums{
	public static void main(String[] sa){
	int[] nums = [0, -0.275, 0.08561, -0.22824, 0.1175, -0.19084
0.1247, -0.1798, 0.1916, -0.2338, 0.1916, -0.2338
0.1916, -0.2338, 0.2502, -0.2862, 0.2533, -0.3145
0.2508, -0.3215, 0.2612, -0.3296, 0.2666, -0.3308
0.2633, -0.3356, 0.2703, -0.3557, 0.2758, -0.3525
0.2899, -0.3644, 0.2666, -0.3687, 0.2716, -0.3775
0.2808, -0.3933, 0.2943, -0.3939, 0.2965, -0.3945
0.3129, -0.3956, 0.3075, -0.3693, 0.3208, -0.3625
0.3299, -0.3535, 0.3485, -0.3568, 0.3473, -0.3419
0.3465, -0.3317, 0.3469, -0.3242, 0.3383, -0.3241
0.3328, -0.3241, 0.3225, -0.3300, 0.3200, -0.3175
0.3241, -0.3050, 0.3156, -0.3010, 0.3108, -0.3025
0.3133, -0.2916, 0.3015, -0.2881, 0.2958, -0.2875
0.2776, -0.2863, 0.2489, -0.1736, 0.2489, -0.1736
0.2489, -0.1736, 0.3008, 0.1708, 0.3187, 0.1825
0.3237, 0.1853, 0.3380, 0.2091, 0.3498, 0.2204
0.3541, 0.2248, 0.3639, 0.2220, 0.3679, 0.2259
0.3726, 0.2304, 0.3712, 0.2400, 0.3712, 0.2400
0.3712, 0.2400, 0.3840, 0.2417, 0.3870, 0.2445
0.3923, 0.2494, 0.3912, 0.2548, 0.3925, 0.2566
0.3958, 0.2572, 0.4116, 0.2483, 0.4175, 0.2629
0.4236, 0.2781, 0.4044, 0.2813, 0.3891, 0.2804
0.3776, 0.2797, 0.3780, 0.2846, 0.3759, 0.2925
0.3745, 0.3003, 0.3811, 0.3035, 0.3733, 0.3146
0.3704, 0.3186, 0.3606, 0.3150, 0.3558, 0.3100
0.3510, 0.3049, 0.3520, 0.2933, 0.3520, 0.2933
0.3520, 0.2933, 0.3402, 0.2967, 0.3362, 0.2929
0.3304, 0.2873, 0.3337, 0.2754, 0.3337, 0.2754
0.3270, 0.2759, 0.3233, 0.2773, 0.3204, 0.2737
0.3182, 0.2711, 0.3150, 0.2599, 0.3192, 0.2575
0.3161, 0.2486, 0.3062, 0.2341, 0.2937, 0.2266
0.2937, 0.2266, 0.2150, 0.2075, 0.2150, 0.2075
0.2150, 0.2075, 0.2420, 0.2886, 0.2566, 0.2966
0.2616, 0.2994, 0.2684, 0.2967, 0.2737, 0.2995
0.2790, 0.3024, 0.2850, 0.3229, 0.2850, 0.3229
0.2850, 0.3229, 0.2983, 0.3155, 0.3020, 0.3175
0.3084, 0.3208, 0.3128, 0.3286, 0.3145, 0.3300
0.3179, 0.3296, 0.3325, 0.3219, 0.3404, 0.3325
0.3515, 0.3474, 0.3369, 0.3619, 0.3275, 0.3558
0.3174, 0.3501, 0.3055, 0.3567, 0.3059, 0.3653
0.3064, 0.3728, 0.3124, 0.3710, 0.3079, 0.3837
0.3062, 0.3878, 0.2965, 0.3958, 0.2846, 0.3881
0.2793, 0.3841, 0.2787, 0.3750, 0.2787, 0.3750
0.2787, 0.3750, 0.2730, 0.3781, 0.2659, 0.3743
0.2588, 0.3705, 0.2579, 0.3625, 0.2579, 0.3625
0.2515, 0.3647, 0.2433, 0.3601, 0.2395, 0.3575
0.2367, 0.3555, 0.2324, 0.3431, 0.2365, 0.3395
0.2269, 0.3271, 0.2022, 0.3220, 0.1929, 0.3187
0.1854, 0.3160, 0.1850, 0.3100, 0.1766, 0.3100
0.1759, 0.3661, 0.1451, 0.3986, 0.1100, 0.4164
0.1066, 0.4245, 0.0960, 0.4479, 0.0675, 0.4636
0.0790, 0.4734, 0.1439, 0.4085, 0.1654, 0.4421
0.1694, 0.4481, 0.1671, 0.4559, 0.1600, 0.4583
0.1489, 0.4625, 0.1408, 0.4550, 0.1408, 0.4550
0.1408, 0.4550, 0.1079, 0.4787, 0.0791, 0.4825
0.0546, 0.4854, 0.0464, 0.4775, 0.0468, 0.4722
0.0326, 0.4765, 0.0154, 0.4790, 0, 0.4781
-0.0221, 0.4774, -0.0360, 0.4751, -0.0478, 0.4718];
		int newnums[] = new int[nums.length()];
		for (int i = 0; i < nums.length(); i++){
			newnums[i] = nums[i]*2;
		}
	}
}

