p2dd.curveTo(0, -.275, .08561, -.22824, .1175, -.19084);
p2dd.curveTo(.1247, -.1798, .1916, -.2338, .1916, -.2338);
p2dd.curveTo(.1916, -.2338, .2502, -.2862, .2533, -.3145);
p2dd.curveTo(.2508, -.3215, .2612, -.3296, .2666, -.3308);
p2dd.curveTo(.2633, -.3356, .2703, -.3557, .2758, -.3525);
p2dd.curveTo(.2899, -.3644, .2666, -.3687, .2716, -.3775);
p2dd.curveTo(.2808, -.3933, .2943, -.3939, .2965, -.3945);
p2dd.curveTo(.3129, -.3956, .3075, -.3693, .3208, -.3625);
p2dd.curveTo(.3299, -.3535, .3485, -.3568, .3473, -.3419);
p2dd.curveTo(.3465, -.3317, .3469, -.3242, .3383, -.3241);
p2dd.curveTo(.3328, -.3241, .3225, -.3300, .3200, -.3175);
p2dd.curveTo(.3241, -.3050, .3156, -.3010, .3108, -.3025);
p2dd.curveTo(.3133, -.2916, .3015, -.2881, .2958, -.2875);
p2dd.curveTo(.2776, -.2863, .2489, -.1736, .2489, -.1736);
p2dd.curveTo(.2489, -.1736, .3008, .1708, .3187, .1825);
p2dd.curveTo(.3237, .1853, .3380, .2091, .3498, .2204);
p2dd.curveTo(.3541, .2248, .3639, .2220, .3679, .2259);
p2dd.curveTo(.3726, .2304, .3712, .2400, .3712, .2400);
p2dd.curveTo(.3712, .2400, .3840, .2417, .3870, .2445);
p2dd.curveTo(.3923, .2494, .3912, .2548, .3925, .2566);
p2dd.curveTo(.3958, .2572, .4116, .2483, .4175, .2629);
p2dd.curveTo(.4236, .2781, .4044, .2813, .3891, .2804);
p2dd.curveTo(.3776, .2797, .3780, .2846, .3759, .2925);
p2dd.curveTo(.3745, .3003, .3811, .3035, .3733, .3146);
p2dd.curveTo(.3704, .3186, .3606, .3150, .3558, .3100);
p2dd.curveTo(.3510, .3049, .3520, .2933, .3520, .2933);
p2dd.curveTo(.3520, .2933, .3402, .2967, .3362, .2929);
p2dd.curveTo(.3304, .2873, .3337, .2754, .3337, .2754);
p2dd.curveTo(.3270, .2759, .3233, .2773, .3204, .2737);
p2dd.curveTo(.3182, .2711, .3150, .2599, .3192, .2575);
p2dd.curveTo(.3161, .2486, .3062, .2341, .2937, .2266);
p2dd.curveTo(.2937, .2266, .2150, .2075, .2150, .2075);
p2dd.curveTo(.2150, .2075, .2420, .2886, .2566, .2966);
p2dd.curveTo(.2616, .2994, .2684, .2967, .2737, .2995);
p2dd.curveTo(.2790, .3024, .2850, .3229, .2850, .3229);
p2dd.curveTo(.2850, .3229, .2983, .3155, .3020, .3175);
p2dd.curveTo(.3084, .3208, .3128, .3286, .3145, .3300);
p2dd.curveTo(.3179, .3296, .3325, .3219, .3404, .3325);
p2dd.curveTo(.3515, .3474, .3369, .3619, .3275, .3558);
p2dd.curveTo(.3174, .3501, .3055, .3567, .3059, .3653);
p2dd.curveTo(.3064, .3728, .3124, .3710, .3079, .3837);
p2dd.curveTo(.3062, .3878, .2965, .3958, .2846, .3881);
p2dd.curveTo(.2793, .3841, .2787, .3750, .2787, .3750);
p2dd.curveTo(.2787, .3750, .2730, .3781, .2659, .3743);
p2dd.curveTo(.2588, .3705, .2579, .3625, .2579, .3625);
p2dd.curveTo(.2515, .3647, .2433, .3601, .2395, .3575);
p2dd.curveTo(.2367, .3555, .2324, .3431, .2365, .3395);
p2dd.curveTo(.2269, .3271, .2022, .3220, .1929, .3187);
p2dd.curveTo(.1854, .3160, .1850, .3100, .1766, .3100);
p2dd.curveTo(.1759, .3661, .1451, .3986, .1100, .4164);
p2dd.curveTo(.1066, .4245, .0960, .4479, .0675, .4636);
p2dd.curveTo(.0790, .4734, .1439, .4085, .1654, .4421);
p2dd.curveTo(.1694, .4481, .1671, .4559, .1600, .4583);
p2dd.curveTo(.1489, .4625, .1408, .4550, .1408, .4550);
p2dd.curveTo(.1408, .4550, .1079, .4787, .0791, .4825);
p2dd.curveTo(.0546, .4854, .0464, .4775, .0468, .4722);
p2dd.curveTo(.0326, .4765, .0154, .4790, 0, .4781);
p2dd.curveTo(-.0221, .4774, -.0360, .4751, -.0478, .4718);